4746
16851
20259
2798
2888
5660
4073
17689
21744
11236
8920
11708
4939
11920
6922
9063
12712
3014
3026
4890
7976
23598
6994
4258
14234
8018
6395
6305
9029
23331
4907
45341
7987
22182
9247
31258
9844
10500
5367
3308
15309
7844
6304
6292
5128
4880
8143
8384
17541
16859
5119
5256
9453
6499
6619
9028
31624
6465
18533
42386
11563
11351
20518
12989
11033
5617
3837
5657
5642
14497
4001
10140
5899
3612
4134
13233
2772
6232
3659
13939
4148
7061
5782
5702
14365
4092
5043
5769
6796
2807
17207
3989
39707
4485
9838
3791
2775
6352
6376
6302
