16444
19201
60824
25612
61139
22104
30995
11720
47300
42472
39253
30606
13244
14041
6712
81152
8698
17532
19496
10293
4685
14053
10751
7750
37704
8755
16902
14899
14290
11637
20252
14015
13266
95679
11314
13580
20892
21935
72091
14352
24709
26893
18016
18019
23530
10885
23729
10991
30013
32356
15096
11820
10283
6221
5225
5722
6914
56096
31030
9626
11957
11234
17358
57500
7925
4206
8060
12990
24327
27748
17512
4410
49639
24567
11815
12194
24907
60861
28613
112925
48453
15312
13603
11576
8302
8234
120937
4363
37390
31873
27587
43029
6464
20148
53715
7304
11575
67060
13577
13245
