2053
2236
5546
2425
2543
2152
1929
1944
3700
6478
2571
3214
3275
2979
1801
4976
4008
9044
1670
20805
3307
4942
4982
5122
2739
2300
3044
2338
3504
2932
2258
1892
4010
3923
2527
2287
3435
2289
4610
5412
5516
4742
5518
6484
3971
4522
4248
2586
8598
4304
2617
2092
2170
3076
3648
2990
8587
3820
4028
10453
2138
3859
3451
13631
3827
3530
4850
1687
9050
2154
3853
1931
1878
2498
5008
6639
4647
1744
1670
3248
2470
2320
2558
2805
4021
4015
2392
2603
3319
7813
3117
3210
9524
2699
3555
5126
4830
9136
1624
2845
