23583
40105
108681
155932
31597
217557
42189
12557
9184
9193
61759
17546
78992
41042
35252
53392
25827
91407
103216
29702
56895
87140
35657
16418
42638
61357
16684
116108
119466
25537
34993
12475
37156
26619
11779
14666
25862
23827
14065
8980
16819
9478
14382
32370
27017
61884
47208
9648
38850
50196
20949
67007
18964
19279
20265
23747
181986
29054
17270
29771
32099
7392
9659
8590
12872
27820
30672
9933
13957
14827
19974
45586
20330
28125
46754
53173
18044
38416
19900
11438
41781
52919
7668
7666
16086
20247
6218
32285
44353
71425
6357
34086
14633
226375
10919
22131
22457
102775
11970
12031
