5295
7350
7370
18258
6512
29054
11414
19451
10172
11124
23563
5759
8148
6427
19637
22475
8614
5471
5452
7816
36229
17813
12836
6673
5486
28498
34478
36387
20951
5143
16044
4324
12679
36406
16109
31189
10377
10332
15155
5579
28285
18257
22226
19544
47883
7079
7309
8843
7555
9355
8361
7806
3461
17179
19856
8597
15128
15197
14986
4339
16333
17164
5148
14419
6444
35199
10870
17045
17570
6221
21713
10831
6308
9656
8835
5008
16933
6136
4808
10040
10775
9755
4870
4227
10904
5566
7023
35302
42684
19045
13413
21591
26898
5261
9341
10918
20210
6600
8739
9468
