3696
4166
6327
5819
5857
4878
3616
6330
6013
2762
16344
9711
5436
2789
2206
5678
4178
6443
6570
6058
3770
6453
4228
3802
5868
7805
3201
3644
3104
3058
6863
7164
11949
12786
5962
2750
6247
6200
9065
8348
6415
5979
2699
2176
2195
3138
6597
3198
3914
3854
2506
6354
2280
2465
2497
7502
9143
3461
5505
4452
7336
7655
3986
13705
9120
15849
2200
5223
5526
5241
3940
3358
10758
15750
13147
3737
7369
3247
3510
2801
3951
2982
7046
7059
12978
3045
3357
4277
4690
7547
3964
4434
2888
6401
8343
2779
4440
5613
8404
9128
