90745
52014
19147
26810
352120
50037
17691
71782
29136
30698
59003
93492
7565
27388
65095
99377
44519
18476
30359
36301
42794
40402
126851
185037
91041
19551
56232
55559
19884
21927
107957
245755
64541
19696
74005
52085
32482
31900
49149
80706
38620
144071
26034
14587
14080
16303
21158
46546
6162
18237
15346
21904
31013
43719
20578
19734
116594
20776
28290
13501
41479
138179
154493
12647
12598
16948
37342
114619
76955
78599
23644
66516
23383
12921
45778
38084
183342
10202
26372
59245
152831
9021
56879
57516
46679
14272
43787
13829
27380
52657
48116
172310
135954
125893
51931
21927
10687
26020
83564
23570
