1847
2015
4055
1784
2033
3600
3173
6594
1732
2439
1852
3803
3989
1360
2293
3019
2051
3166
1327
2350
1297
3511
2679
2398
2197
2256
8856
1944
2118
3097
1591
1584
2059
2187
2159
2080
1645
2999
4498
1871
1863
1323
2751
1296
2115
1606
1546
2967
2132
1318
2340
2359
3217
2386
2484
2362
2362
1365
1394
1687
3150
3475
2656
1794
5432
5435
3042
2340
2561
2675
1915
1907
2957
2066
1794
1320
4187
1263
1257
2697
2208
1871
3533
1373
3763
5813
4322
3769
2112
1823
2911
2351
2404
2697
1499
2968
2237
1719
1869
2051
