39723
38680
39304
38648
38927
39474
40740
39667
39691
38569
38994
38851
39540
38739
41332
38775
68392
40533
38870
38804
39847
39663
39457
38624
39331
38763
38823
38922
38901
38809
38483
38785
38672
38549
38677
38670
46158
38774
42549
39008
38576
39614
38696
39024
39551
46298
38635
39512
38703
39389
39699
38972
39215
38677
39304
38841
38510
38857
38787
38787
41306
38736
41531
39586
38875
39518
39032
38734
39970
38775
38749
39753
38601
38764
41370
38699
39524
38577
44697
38677
39475
38727
43323
39517
39009
41964
38819
38849
41575
38534
38735
41234
41762
38869
38726
41558
40915
38899
40381
39538
