452218
482472
454280
464884
471379
475978
474654
468649
463763
471601
452717
462498
467786
472188
455737
467519
471513
457305
451993
453235
499456
453655
451195
454895
474916
454372
457045
459948
490916
451709
452271
456374
460755
455738
453477
461921
468035
452877
453256
454912
476073
456631
453291
456901
467608
456743
454723
450211
461228
476421
455984
455194
455862
458825
460308
457430
453839
467198
460204
478925
465549
498366
465689
485608
485989
463646
476700
452258
455987
454529
470321
451776
451642
451437
455087
470115
450441
461024
455727
459222
454621
454193
461498
463084
453028
451711
462834
470115
467503
465067
494246
478139
480858
473472
453891
458600
468098
456087
458458
478093
