3542
3544
3714
3563
3602
3794
3565
3539
3656
3544
4458
3553
3568
6857
3836
4084
7554
3556
3546
3547
3608
3705
3540
3540
3570
3573
3688
3536
3535
3523
3571
3548
3563
3605
3606
3535
3640
3530
3542
3543
3565
3643
3579
3538
3686
4321
3651
3612
3581
3558
3646
3543
3524
3560
4302
3597
3551
3563
3610
3553
3832
3594
3851
3627
3673
3681
3530
3539
3619
3573
3617
3654
3533
3591
3771
3575
3559
3631
3847
3583
3547
3548
3550
3571
3548
3560
3710
3564
3784
3640
3554
3829
3860
3680
3686
3543
3529
3552
3533
3536
