115067
116792
117296
109873
114205
119783
112254
134666
116249
117036
108109
142896
105785
124108
114302
161175
142799
108152
111138
115973
128598
108015
109787
108683
112302
108913
109886
106676
110480
115120
108792
109420
108743
110023
109928
107769
112545
107909
105375
113160
132856
106702
107006
117582
106460
114548
106020
107960
111202
118262
109535
105675
106370
109407
106270
110491
109046
107547
105519
129342
115795
117674
109215
108797
112696
108789
117218
107913
102026
108042
133378
103938
113270
132211
109701
109251
106863
118570
112490
108352
106511
106032
109404
109769
102285
106853
103408
128711
107195
108986
114576
110658
108439
125087
103249
108952
106926
107284
107971
132299
