20262
20749
20138
19799
20696
20754
22594
20714
21058
20502
21756
20525
22034
20758
25510
22323
21131
20738
24635
20624
21207
21694
21105
21176
21454
21411
21289
22734
20748
21013
21226
21301
21009
21023
21035
21307
23076
21282
21269
23272
20444
21410
23923
20756
20774
20564
22526
23062
21444
20612
20255
20891
24348
20477
20116
20704
20143
20262
21278
22374
20218
20475
20271
20782
20986
20709
24465
20963
20881
22870
19844
20016
20508
20591
20420
20222
20742
20096
20549
20402
20025
20646
20679
19981
20311
20624
20771
20872
22065
22737
20312
22188
21419
20397
19703
20291
20259
21004
20033
24995
