1686
1715
1759
1687
1729
1720
1718
1690
1728
1676
1697
1795
1783
1679
1682
1888
1656
1743
1696
1661
1723
1666
1696
1673
1692
1656
1670
1666
1662
1685
1675
1838
2087
1660
1707
1676
1687
1656
1660
1679
1632
1700
1673
1637
1687
1645
1726
1669
1760
1692
1662
1690
1734
1690
1704
1607
1655
1593
1687
1757
1680
1616
1634
1781
1725
1658
1620
1661
1639
1659
1606
1637
1609
1758
1602
1650
1652
1614
1618
1559
1598
1618
1673
1620
1680
1631
1636
1659
2082
1702
1659
1716
1716
1691
1612
1634
1727
1617
1615
1682
