9007
8925
9563
8818
9513
9359
9191
8875
9408
9300
8993
9594
9503
8955
8772
8931
8978
9121
8995
9083
8948
9090
8906
8888
8975
8740
8806
10608
8812
8854
9102
9194
8931
9013
8842
8975
9004
9065
9112
9150
8942
9096
8779
8809
9011
8914
8877
9060
8911
8972
8846
8418
8906
8761
8680
8650
8797
8747
8834
9228
8676
9001
8693
9000
8916
12135
9342
8421
8525
9533
8668
8584
8939
8725
8826
8434
8898
9001
8652
8977
9117
8621
8910
8606
8802
8693
8680
8891
9306
9316
9509
8832
9780
8622
8450
8853
8964
9674
16156
8987
