3909
3897
3792
3909
4041
3988
3940
3771
3881
3789
3883
4099
4145
3818
3875
7199
3813
3880
3881
3788
3916
5884
3831
3870
3880
3863
3767
3852
3803
3872
3871
3935
3921
3727
3889
3828
3914
3858
3804
3852
3715
3872
3742
3881
3908
3918
3820
3825
3812
3790
3977
3699
3986
3843
3802
3876
3750
3852
3919
4012
3782
3694
3749
4088
3835
3979
4040
3841
3838
5094
3706
3792
3704
3770
3847
3778
6961
3838
3689
3712
3669
3809
3718
3740
3861
3707
3754
3914
3961
4663
3837
3852
3951
3846
3678
3883
3728
3667
3575
3707
