47487
58839
50284
46513
48594
45856
48822
46454
50251
46455
46174
61006
46923
48237
50750
52818
46786
46568
46897
46407
46819
46640
47683
54241
53392
45432
47033
49214
49595
46942
46874
49453
47978
46552
46110
46337
51032
45218
48386
54591
47081
48176
48236
53150
45638
45568
45631
48062
48435
45742
46606
45865
47739
46181
48179
46517
46257
45736
47006
45807
48630
47423
49361
45152
45585
46502
46974
46119
45167
46880
44892
46461
46311
45645
45526
45039
46665
45364
45310
45504
43768
45886
45196
44909
49496
46785
46537
45388
45595
57693
45910
51070
46450
46049
46229
46407
46261
46214
45952
46436
